10
-13.484 	-6.26175 	-6.38039 	-12.5311 	-13.1614 	-10.1509 	-9.56883 	-11.8786 	-7.88563 	-10.5847 	
-6.26175 	-2.17807 	-2.24515 	-5.72299 	-6.07936 	-4.37713 	-4.04801 	-5.35403 	-3.09627 	-4.6224 	
-6.38039 	-2.24515 	-2.31308 	-5.83482 	-6.1957 	-4.47198 	-4.1387 	-5.46121 	-3.17494 	-4.72035 	
-12.5311 	-5.72299 	-5.83482 	-11.6329 	-12.2271 	-9.38918 	-8.84047 	-11.0178 	-7.25377 	-9.79808 	
-13.1614 	-6.07936 	-6.1957 	-12.2271 	-12.8451 	-9.89305 	-9.32227 	-11.5872 	-7.67173 	-10.3184 	
-10.1509 	-4.37713 	-4.47198 	-9.38918 	-9.89305 	-7.48632 	-7.02098 	-8.86752 	-5.67534 	-7.8331 	
-9.56883 	-4.04801 	-4.1387 	-8.84047 	-9.32227 	-7.02098 	-6.57602 	-8.34167 	-5.28934 	-7.35257 	
-11.8786 	-5.35403 	-5.46121 	-11.0178 	-11.5872 	-8.86752 	-8.34167 	-10.4283 	-6.82105 	-9.2594 	
-7.88563 	-3.09627 	-3.17494 	-7.25377 	-7.67173 	-5.67534 	-5.28934 	-6.82105 	-4.17313 	-5.963 	
-10.5847 	-4.6224 	-4.72035 	-9.79808 	-10.3184 	-7.8331 	-7.35257 	-9.2594 	-5.963 	-8.19121 	
1e-05
1e-05
1000